73,4
73,5
73,1
73,6
73,2
73,3
75,2
9,2
9,1
9,3
0,502
0,466
97,3
97,2
97,1
94,3
94,2
94,1
89,3
89,1
88,5
88,4
88,3
88,2
88,1
87,3
87,2
87,1
86,3
86,2
86,1
85,7
85,6
85,5
85,4
85,3
85,2
85,1
84,3
84,2
84,1
83,3
83,2
83,1
82,3
82,2
82,1
82,0
81,3
81,2
81,1
81,0
80,3
80,2
80,1
80,0
79,3
79,2
79,1
79,0
78,3
78,2
78,1
78,0
77,3
77,2
77,1
77,0
76,3
76,2
76,1
76,0
75,1
75,3
72,65
72,64
72,35
72,34
72,33
72,32
72,31
72,30
72,29
72,28
72,27
72,26
72,25
72,24
72,23
72,22
72,21
72,20
72,19
72,18
72,17
72,16
72,15
72,14
72,13
72,12
72,11
72,10
72,9
72,8
72,7
72,6
72,5
72,1
72,4
72,3
72,2
70,6
70,5
70,4
70,3
